0 0.6209577476341299 5.271388651630335 -1.358734661816798
1 0.9655151026510341 4.680054824600594 -1.5551942951421922
2 2.756599455741055 5.356040274121725 -1.3796915371129195
3 3.1829166608852155 5.351675203914027 -1.0092089058339178
4 4.5366204814048485 4.364653613510791 -1.50779160010931
5 5.585298663048206 4.873298129326072 -1.0108770798502456
6 5.529441818539109 4.229847105544055 -1.2329231652449624
7 6.09696296918675 5.0310354985256165 -0.8936535722495325
8 6.536259077731134 3.53526552808723 1.5269668427062977
9 7.0269874832305295 4.251264085281078 1.424848323625547
10 8.133102097804498 4.093681751408909 -1.371616019968715
11 9.154890854881511 4.615150409665381 -0.4660026608784342
12 10.029282793790072 2.79437035320807 -0.4740350813071753
13 9.71568827932692 3.1795758323903733 0.13885820592718978
14 10.561176480590232 3.7090961635546575 0.1262742404018482
15 9.606376234960827 2.264362847107379 -0.9642434549507127
16 9.686839563944005 2.636808891443172 2.5822092737579796
17 10.876621112691904 2.0630060933791654 2.3295286295002673
18 9.871245381624364 1.4868598901295724 1.1510361760043302
19 10.197966947428124 1.0714506291423074 0.7056995448993669
20 8.605599318696534 0.307826694986878 2.2128493345853864
21 9.482779528085318 0.9971205204262088 -0.15867959595428338
22 8.025791082237784 0.0763268367973019 0.00353040973960983
23 7.04070101319254 0.4883874967908576 1.250036389535163
24 6.259365405976374 -0.5579106197896682 -0.4091728029413395
25 6.249446711620902 -0.3268495669082119 2.4737341821434264
26 5.674844147775213 -0.1658147741662408 0.5780541873301351
27 4.992435525110858 -0.22278133256316135 0.9181090824642746
28 3.4310721299497358 -2.179532568356275 1.482211250219838
29 2.8689763175713834 -2.5253741301806816 1.5010248017387116
30 0.45949662574093697 -2.805817057240836 2.462936863761965
31 0.9037190010570925 -2.592527432381489 -0.024505504472938533
32 -1.417087695925026 -2.7895221436580515 1.3473870239880865
33 -0.6609899352943833 -2.175601230195423 2.0185954404010924
34 -2.0539919421764066 -2.487667881389342 1.4321167602615883
35 -4.026189289967556 -4.421061557534552 2.5308561676254637
36 -4.578552238046841 -3.186073552226309 1.691463336325643
37 -6.076400327309284 -4.366822550850857 1.4901074566526193
38 -5.351946000503586 -3.1059438798988044 -0.1557841418471423
39 -6.172695186114413 -4.69782402205519 1.4369662393962463
40 -7.8176601667449575 -3.522404964647279 -0.2348990125857664
41 -8.674913595265165 -5.047753471503868 -0.41372419332956
42 -8.493734374546806 -4.428461510527636 2.314427977939312
43 -9.490753736367648 -4.293722924318125 1.3325543467987877
44 -10.468128266309762 -5.795828306983385 -1.0975760766796392
45 -9.382156631705055 -4.158764121074228 0.9200284115983349
46 -10.735591327317202 -4.5476024192891735 1.9521336115499777
47 -9.063877538020954 -5.477723356243048 0.3066255182123596
48 -10.71155389871592 -4.375734206734968 2.5124029878394545
49 -10.538476466818082 -5.459814433284329 1.9166479508444914
50 -9.65533133206698 -5.887807605310658 0.17953652952731058
51 -8.95118527985802 -5.052865293234173 -0.44676636715408635
52 -9.335934276903371 -5.600604189956487 1.4891943087721384
53 -8.654412495330051 -4.594272587261946 1.511466579337905
54 -7.428988964856507 -5.331584780066533 0.5284731755671632
55 -7.761889669406526 -5.070990052002445 1.8427980627256442
56 -6.414079739736518 -4.24993238793294 -0.03099170829970488
57 -6.046256229166094 -3.8580006977553274 -0.9167243838875465
58 -3.6637218007746175 -4.39016848526804 -1.2483093534269374
59 -4.575892097609831 -2.586473815069422 1.8776003560832215
60 -3.387539724271382 -3.89748196679789 0.38010262099807857
61 -1.4251120325486475 -3.0392573894274495 1.586511719554335
62 -0.7598253541321982 -3.3560480701009423 -1.7932939250312627
63 -0.21054855277107115 -2.6011308047135744 -1.41789765623294
64 1.8607711875429152 -1.3086564350993748 -0.6920092124013885
65 2.3423473503988674 -2.8426946965423996 1.673592945827498
66 3.8906335053544856 -0.7906802457289375 -0.6013413254952049
67 3.925930102597367 -1.0678857977980762 1.616989506479999
68 5.006428199744603 -1.3044495706818533 -0.08052165578733228
69 6.04759991760581 0.02653462114676075 0.13066790378316395
70 5.661581379637358 -1.2020530533358207 1.4585466883375915
71 7.303395121121554 -0.8755713845668858 -1.084512980153312
72 7.720140383350087 0.9911185218091203 -0.3356578527955057
73 8.9607545045945 1.4016728805801002 1.1369144173306118
74 9.613531863572478 1.9203414588883299 -2.4147366483908326
75 10.040267548170169 1.3542046475122225 -2.4542101061962605
76 8.68530427664464 2.5570483005961857 0.1304863877038368
77 10.792597612398874 2.4089007769234705 -1.7682698074549155
78 10.984520230394171 1.893571425261354 -2.2061213166595466
79 9.205564072650725 3.339383168913611 -1.3392429281089613
80 10.406498420214708 1.9745886002351487 -0.3420755239879585
81 9.439588597509303 3.1452783301011813 -1.686458550133227
82 8.585550348372939 2.8203341231651944 0.8658199108714677
83 8.608307735725269 3.822133122076356 -1.9285354029917956
84 8.011147221337005 2.920087853583618 0.37766411332352945
85 7.384083965483895 3.5723153365045777 -0.35897845264598827
86 6.66457834786466 5.1263614923976215 0.7109488580175322
87 7.58109658307249 4.740857495093171 -1.6559011821134166
88 6.37020412016556 5.30733528674113 -1.546505751670653
89 5.858834761307847 5.2751232123096905 -2.507738827555818
90 3.651935270137411 5.0265320355962455 -1.2701356524731127
91 2.934916007066798 4.470020039349291 -2.513515274443739
92 2.5014443419310015 4.710461245661313 0.18685265095725823
93 0.24490330491149814 4.035115505874024 -0.8094142007691121
94 -0.5641795384904515 5.00128317505435 -1.4376727238361602
95 -0.6731343207868734 5.821274804302316 -1.6860079397006849
96 -1.854209602923598 5.283421634473643 -0.3999483168224134
97 -3.628015686675081 4.282659565400159 0.5027849471449263
98 -4.239792023699988 5.416862750713401 -1.3411521453110944
99 -5.575283012489468 5.611237577810618 -1.5516358296413406
